danceability	energy	key	loudness	mode	speechiness	acousticness	instrumentalness	liveness	valence	tempo	duration_ms	time_signature	name	length
1	0.7	0.5	5	-7.7	0	0.11	0.01	0.03	0.17	0.3	80	416000	4	Bad Karma	6.56
2	0.9	0.4	4	-10.8	0	0.27	0.33	0	0.28	0.3	128	301133	4	G.O.M.D.	5.1
3	0.6	0.7	7	-6.9	1	0.05	0.01	0	0.1	0.7	170	184600	4	I Swear	3.4
4	0.6	0.7	1	-9.1	1	0.08	0.01	0	0.43	0.1	134	310720	4	Bitch, Don’t Kill My Vibe	5.1
5	0.7	0.8	11	-5.4	1	0.33	0.02	0.08	0.22	0.7	79	249333	4	Yonkers	4.9
6	0.7	0.5	1	-8.8	1	0.14	0.29	0.06	0.1	0.4	94	284693	4	Melatonin	4.44
7	0.8	0.3	6	-14	1	0.03	0.2	0.04	0.1	0.9	107	155707	4	Hold On, I'm Comin'	2.35
8	0.5	0.9	0	-5.4	1	0.06	0.1	0	0.61	0.7	135	283360	4	The Passenger	4.43
9	0.7	0.9	1	-3.2	0	0.18	0.1	0	0.3	0.5	102	295413	4	Holla At Me	4.55
10	0.5	0.8	4	-4	1	0.47	0.81	0	0.6	0.9	74	179564	4	Shut Up	2.59
11	0.4	0.9	4	-4.8	0	0.05	0.01	0.01	0.27	0.3	107	312293	4	Hells Bells	5.12
12	0.7	0.8	5	-4.1	0	0.04	0	0	0.16	0.7	100	153810	4	Speeding Bullets	2.33
13	1	0.5	9	-8.1	0	0.27	0.32	0	0.27	0.8	120	215792	4	Blow My High (Members Only)	3.35
14	0.5	0.9	4	-9.2	0	0.03	0.01	0.21	0.23	0.6	113	292800	4	I Wanna Be Adored - Remastered	4.52
15	0.8	0.8	10	-6.5	0	0.23	0.01	0.01	0.08	0.5	94	325507	4	Shook Ones, Pt. II	5.25
16	0.7	0.9	3	-5.2	1	0.04	0.01	0	0.18	0.4	112	216013	4	Man Of The Year	3.36
17	0.8	0.4	7	-13.9	1	0.07	0	0.85	0.09	0	120	224800	4	Ghetto Kraviz - Original Mix	3.44
18	0.5	0.9	5	-7.9	0	0.14	0.01	0.79	0.08	0.6	162	173131	4	No Care	2.53
19	0.7	0.5	7	-7.4	1	0.13	0.07	0	0.22	0.4	72	386907	4	Money Trees	6.26
20	0.6	0.6	1	-7.9	1	0.04	0	0	0.14	0.3	120	271959	4	Lift Me Up	4.31
21	0.8	0.6	8	-7.1	1	0.36	0.19	0	0.1	0.5	121	241224	4	Smoke & Retribution	4.1
22	0.6	0.6	0	-5.6	0	0.18	0.15	0	0.09	0.4	85	163587	4	Numbers On The Boards	2.43
23	0.6	0.8	9	-6.9	1	0.24	0.33	0	0.11	0.6	158	215509	4	A.D.H.D	3.35
24	0.4	0.7	10	-6.8	1	0.32	0.05	0	0.46	0.2	182	350120	4	m.A.A.d city	5.5
25	0.5	0.9	1	-7.6	0	0.23	0	0.6	0.51	0.6	174	149027	4	Make You Wanna	2.29
26	0.5	0.3	11	-11	0	0.03	0.78	0	0.11	0.2	98	250347	4	Clocks Go Forward	4.1
27	0.8	0.8	7	-6	1	0.24	0.07	0	0.08	0.6	110	219333	4	Alright	3.39
28	0.5	0.7	6	-8.2	0	0.36	0.08	0	0.13	0.6	175	239320	4	Wet Dreamz	3.59
29	0.8	0.5	10	-10.4	0	0.16	0.14	0.02	0.17	0.4	95	212045	4	The Art of Peer Pressure	3.32
30	0.4	0.9	9	-4.4	1	0.05	0.12	0	0.14	0.6	106	255267	4	Let Me Put My Love Into You	4.15
31	0.7	0.5	10	-8.5	0	0.33	0.3	0	0.06	0.5	100	292987	4	No Role Modelz	4.52
32	0.6	0.8	9	-8.9	0	0.03	0.46	0.91	0.13	0.2	100	127920	4	Intro	2.7
33	0.3	0.9	1	-4.4	0	0.42	0.07	0	0.38	0.2	171	248093	4	Compton	4.8
34	0.7	0.7	8	-6.7	1	0.09	0	0	0.07	0.9	130	121880	4	Song 2	2.1
35	0.5	0.7	2	-9.2	1	0.54	0.14	0	0.8	0.7	86	285640	4	On Me - feat. Kendrick Lamar	4.45
36	0.9	0.5	7	-6.6	1	0.09	0.43	0	0.11	0.1	100	183159	4	Norf Norf	3.3
37	0.5	0.8	2	-5.8	1	0.3	0.35	0	0.4	0.9	140	179009	4	Coward	2.59
38	0.5	0.5	10	-8.8	0	0.24	0.02	0	0.11	0.2	154	243773	4	Chum	4.3
39	0.5	0.8	1	-4.1	0	0.28	0.34	0	0.54	0.5	94	194739	4	Paper Trail$	3.14
40	0.7	0.5	2	-8.1	1	0.07	0.05	0	0.15	0.1	84	219937	4	White Crime	3.39
41	0.6	0.3	11	-15	0	0.11	0.01	0.15	0.07	0.6	121	224373	3	Taxi Talk - Original Mix	3.44
42	0.8	0.5	11	-11.2	0	0.1	0.02	0.61	0.11	0.3	119	451753	4	Bleak	7.31
43	0.8	0.9	1	-5.4	1	0.06	0.02	0	0.24	0.9	122	231933	4	i	3.51
44	0.5	0.6	0	-12.8	0	0.27	0.07	0	0.09	0.5	130	332560	4	Weak Become Heroes	5.32
45	0.8	0.5	11	-12.4	0	0.03	0.82	0.37	0.08	0.4	123	201947	4	Crystalised	3.21
46	0.7	0.9	1	-7.6	1	0.5	0.36	0	0.35	0.5	96	165640	4	React	2.45
47	0.5	0.4	1	-10.1	0	0.29	0.03	0	0.89	0.2	111	330947	3	New Faces (feat. Earl Sweatshirt & Dash)	5.3
48	0.7	0.6	7	-5.9	1	0.03	0.19	0	0.07	0.8	81	206293	4	Flower	3.26
49	0.7	0.8	2	-6.5	1	0.26	0.01	0	0.22	0.5	138	214258	4	Man	3.34
50	0.8	0.8	8	-4.7	0	0.05	0.01	0.89	0.11	0.7	121	381654	4	B.F.O.D.A.A.S.	6.21
51	0.5	0.9	9	-5	1	0.06	0.01	0	0.75	0.5	126	215533	4	What Do You Do for Money Honey	3.35
52	0.6	0.7	1	-7	1	0.5	0.2	0	0.17	0.8	145	277240	4	Hive	4.37
53	0.8	0.5	1	-10.8	1	0.06	0	0.42	0.08	0.4	119	400373	4	Pain In The Ass - Original Mix	6.4
54	0.7	0.8	6	-5.7	0	0.28	0.18	0	0.28	0.5	81	279855	4	HiiiPower	4.39
55	0.4	1	8	-8.1	1	0.08	0.02	0.43	0.35	0.2	123	274027	4	Welcome To The Jungle	4.34
56	0.6	0.8	6	-8.7	0	0.03	0	0.01	0.06	0.6	123	331267	4	Enter Sandman	5.31
57	0.6	0.6	8	-9.7	1	0.12	0.25	0	0.11	0.3	125	260160	3	Jazz	4.2
58	0.6	0.8	11	-6.4	1	0.26	0.13	0	0.12	0.7	94	139931	4	Grown Up	2.19
59	0.4	0.6	4	-12	0	0.07	0	0	0.21	0.4	163	166693	4	Paranoid - 2009 Remastered Version	2.46
60	0.6	0.7	0	-9.2	1	0.03	0.13	0.22	0.11	0.8	114	340742	4	Smoke On the Water	5.4
61	0.6	0.9	6	-4.8	0	0.13	0.06	0	0.16	0.4	116	208400	4	Highway to Hell	3.28
62	0.5	0.5	11	-10.6	0	0.37	0.57	0.02	0.13	0.6	181	252187	4	C.R.E.A.M.	4.12
63	0.7	0.6	2	-8.9	1	0.21	0.28	0	0.38	0.9	137	205800	4	Sunday	3.25
64	0.3	1	11	-8.8	1	0.08	0.02	0.01	0.32	0.4	100	408907	4	Paradise City	6.48
65	0.4	0.6	0	-8.5	1	0.33	0.6	0	0.29	0.7	177	153733	4	Rain (feat. Vince Staples)	2.33
66	0.6	0.2	0	-20.6	1	0.09	0.97	0.51	0.1	0.2	112	255227	4	Walking in the Night - Original Mix	4.15
67	0.8	0.7	0	-6.5	1	0.27	0.17	0	0.13	0.7	97	251573	4	Can I Kick It?	4.11
68	0.6	0.9	10	-4.1	0	0.33	0.01	0	0.43	0.3	176	328827	4	The Blacker The Berry	5.28
69	0.3	0.7	9	-5.7	1	0.05	0.01	0.01	0.08	0.8	188	255493	4	Back In Black	4.15
70	0.4	0.9	9	-11.6	1	0.4	0.05	0.13	0.4	0.4	90	333893	4	Whole Lotta Love	5.33
71	0.5	0.9	1	-4.5	1	0.06	0	0	0.1	0.7	117	301920	4	Smells Like Teen Spirit	5.1
72	0.4	0.7	2	-12.4	1	0.09	0.26	0.54	0.22	0.5	146	210373	4	Born To Be Wild	3.3
73	0.7	0.4	0	-15.9	1	0.04	0.08	0	0.25	0.7	104	238747	4	Another Brick In The Wall, Pt. 2 - 2011 Remastered Version	3.58
74	0.5	0.9	9	-4	1	0.12	0.36	0	0.26	0.5	138	296200	4	Crazy Train - Remastered	4.56
75	0.8	0.5	4	-9.6	0	0.08	0.05	0.65	0.07	0.7	120	598093	4	I'm Gonna Get You - Original Mix	9.58
76	0.7	0.9	2	-7.8	1	0.04	0.03	0.13	0.2	0.9	136	222813	4	(I Can't Get No) Satisfaction - Mono Version / Remastered 2002	3.42
77	0.3	0.3	9	-12	0	0.03	0.58	0	0.12	0.2	82	482830	4	Stairway To Heaven	8.2
78	0.6	0.8	0	-10.7	0	0.04	0.08	0	0.36	0.8	123	223733	4	You Give Love A Bad Name	3.43
79	0.5	0.8	11	-9.3	0	0.09	0.06	0	0.39	0.6	159	202267	4	Paint It Black	3.22
80	0.9	0.3	1	-14.3	1	0.24	0.02	0.63	0.1	0.7	122	337960	4	Mystery (DJ-Kicks) - mixed	5.37
81	0.7	0.7	3	-11.5	0	0.06	0.01	0.9	0.07	0.4	125	463406	4	Solitary Daze	7.43
82	0.9	0.4	7	-12.9	1	0.1	0.11	0.85	0.08	0.2	120	446053	4	The Way Back	7.26
83	0.8	0.7	1	-10.2	0	0.07	0	0.91	0.23	0.2	129	433307	4	Domino	7.13
84	0.8	0.6	6	-11.6	0	0.07	0.59	0.86	0.1	0.1	125	383972	4	Subzero - Original Mix	6.23
85	0.8	0.5	10	-9.5	0	0.08	0.08	0.15	0.11	0.5	127	304107	4	Summertime - Original Mix	5.4
86	0.8	0.8	5	-7.4	0	0.04	0	0.91	0.3	0.3	125	405699	4	Rave	6.45
87	0.5	0.8	7	-5.7	1	0.03	0	0	0.45	0.8	127	323000	4	Carry on Wayward Son	5.23
88	0.6	0.7	0	-7.5	1	0.04	0.21	0.01	0.15	0.6	133	140773	4	Fortunate Son	2.2
89	0.5	0.6	4	-9.9	0	0.22	0	0.03	0.2	0.6	81	230480	4	La Grange - 2005 Remastered Version	3.5
90	0.6	0.5	2	-9.5	1	0.03	0.01	0	0.06	0.6	147	391376	4	Hotel California - Remastered	6.31
91	0.3	0.5	9	-9.1	0	0.03	0	0	0.09	0.3	117	269907	3	The House Of The Rising Sun	4.29
92	0.7	0.5	9	-12.5	1	0.03	0.04	0.04	0.31	0.7	105	221640	4	Cocaine	3.41
93	0.4	0.9	4	-7.8	0	0.09	0.4	0.03	0.24	0.7	81	295387	4	Black Dog	4.55
94	0.5	0.5	9	-10.4	1	0.15	0.02	0	0.27	0.8	124	382834	1	Money - 2011 Remastered Version	6.22
95	0.7	0.7	2	-8.1	1	0.05	0	0.88	0.09	0.5	124	441090	4	Conjure Dreams	7.21
96	0.7	0.7	7	-8	1	0.04	0	0.85	0.1	0.1	126	501060	4	Run Baby Run	8.21
97	0.7	0.7	2	-10.3	1	0.03	0.01	0.91	0.1	0.1	125	430031	4	Cloud Generator	7.1
98	0.5	0.8	6	-6.1	0	0.06	0.02	0.91	0.12	0.3	125	481760	4	Rej	8.1
99	0.8	0.7	2	-7.9	1	0.06	0	0.93	0.11	0.1	130	295915	1	I Wanna Go Bang - Original Mix	4.55
100	0.7	1	9	-6.7	0	0.05	0	0.73	0.04	0.6	124	443224	4	Veins	7.23
